196000001
196200043
196300001
196400099
196500004
197000037
197000049
197000050
197000053
197000079
197000102
197100097
197300021
197400039
197400059
197500015
197500016
197500285
197500541
197500654
197600065
197700025
197700049
197700120
197800027
197900544
197900575
198000054
198000158
198000160
198000170
198000572
198100012
198100015
198100119
198100257
198100428
198200048
198200049
198200323
198200325
198300064
198300065
198300096
198300142
198300174
198300343
198300393
198300476
198300605
198301052
198400185
198400399
198400475
198401033
198401161
198500041
198500049
198500050
198500125
198500241
198500245
198500384
198500515
198500612
198500634
198500715
198500718
198501126
198501220
198501325
198501456
198501820
198600058
198600114
198600161
198600235
198600470
198600661
198600674
198601102
198601223
198601878
198700096
198700405
198700476
198700477
198700535
198700537
198700667
198700731
198700733
198700736
198700737
198701132
198701478
198701520
198701523
198701583
198800150
198800153
198800154
198800445
198800619
198800622
198800788
198800791
198800901
198800902
198800911
198801052
198801525
198801531
198801937
198802273
198802349
198802355
198900123
198900125
198900129
198900223
198900263
198900630
198900711
198900817
198900881
198900993
198901021
198901206
198901207
198902026
198902101
198902108
198902158
198902844
199000074
199000165
199000352
199000530
199000568
199000820
199000983
199001080
199001166
199001735
199001917
199001919
199001973
199002022
199002349
199100118
199100476
199100626
199100628
199100632
199100636
199100838
199100923
199101034
199101166
199101229
199101291
199101298
199101995
199102137
199102138
199102384
199102409
199102447
199102449
199102476
199102956
199103287
199200232
199200236
199200261
199200476
199200490
199200629
199200633
199200653
199200792
199200869
199200870
199200876
199201002
199201006
199201045
199201046
199201154
199201155
199201214
199202074
199202334
199202495
199202562
199202565
199202572
199202944
199202946
199203272
199203279
199203487
199203520
199300175
199300208
199300225
199300319
199300325
199300516
199300692
199300758
199300815
199300927
199300928
199300997
199301111
199301180
199301193
199301673
199302061
199302106
199302107
199302108
199302175
199302198
199302663
199302666
199302671
199400095
199400114
199400191
199400362
199400392
199400488
199400494
199400513
199400514
199400540
199400625
199400630
199400635
199400682
199400695
199400696
199400704
199400710
199400823
199400868
199400905
199400946
199400948
199401165
199401504
199401625
199401734
199401754
199401768
199401770
199401998
199500043
199500183
199500439
199500466
199500470
199500549
199500630
199500842
199500845
199500850
199500959
199501023
199501072
199501073
199501234
199501564
199501728
199501734
199501735
199501736
199501738
199501743
199501748
199501749
199501905
199501906
199502137
199502153
199502155
199502167
199502192
199502215
199502217
199502223
199502224
199502225
199502428
199502575
199502582
199502585
199504100
199504101
199504272
199504273
199504276
199504332
199504367
199600151
199600158
199600246
199600267
199600367
199600597
199600616
199600625
199600977
199601062
199601139
199601167
199601484
199601520
199601533
199602013
199602015
199602019
199602021
199602022
199602023
199602029
199602031
199602290
199602404
199602533
199602566
199602745
199603160
199603453
199603455
199603458
199604928
199604979
199605127
199700160
199700176
199700389
199700584
199700734
199700738
199700745
199700798
199700808
199700809
199700833
199700840
199700883
199700887
199700909
199700916
199700918
199700919
199700978
199701009
199701010
199701011
199701012
199701033
199701054
199701063
199701064
199701065
199701131
199701225
199701226
199701227
199701265
199701271
199701295
199701385
199701392
199701393
199701398
199701401
199701408
199701414
199701416
199701432
199701437
199701525
199701668
199701845
199702105
199702106
199702117
199702118
199702126
199702163
199702164
199702165
199702177
199702351
199702352
199702380
199702412
199702566
199702588
199702829
199702839
199702846
199702918
199702953
199703049
199703126
199703129
199703432
199703566
199703570
199704687
199800085
199800086
199800142
199800471
199800503
199800519
199800751
199800785
199800903
199800976
199800979
199800990
199801011
199801012
199801099
199801158
199801165
199801260
199801263
199801266
199801267
199801290
199801292
199801298
199801524
199801625
199801634
199801640
199801649
199802092
199802093
199802138
199802175
199802288
199802289
199802611
199802620
199802675
199802769
199803014
199803062
199803425
199803684
199803957
199803958
199806739
199806820
199806914
199806978
199900114
199900120
199900163
199900203
199900204
199900351
199900554
199900672
199900832
199900834
199900915
199901076
199901116
199901211
199901215
199901218
199901248
199901258
199901558
199901692
199901718
199901759
199902270
199902295
199902440
199902448
199902449
199902459
199902661
199903179
199903219
199903222
199903365
199903836
199903837
199906840
199907419
200000209
200000210
200000220
200000223
200000224
200000417
200000559
200000569
200000601
200000740
200000919
200000930
200000932
200000933
200000934
200000935
200001172
200001184
200001186
200001190
200001275
200001430
200001578
200001604
200001858
200002121
200002422
200002738
200002760
200002776
200002787
200002882
200002887
200002949
200003080
200003085
200003086
200003109
200003111
200003403
200003442
200003541
200003560
200003792
200003994
200003999
200004038
200004243
200004640
200004643
200005087
200005100
200008568
200008571
200008952
200009059
200009061
200009062
200009063
200009333
200009496
200009524
200009634
200009708
200100102
200100264
200100383
200100424
200100429
200100602
200100614
200100671
200100725
200100827
200100858
200100960
200100997
200101016
200101017
200101018
200101022
200101103
200101123
200101150
200101162
200101179
200101249
200101393
200101407
200101428
200101451
200101472
200101633
200101635
200102266
200102615
200102622
200102623
200102644
200102802
200102845
200102846
200102887
200102909
200102920
200102931
200102998
200103187
200103882
200103884
200108384
200108800
200108817
200108822
200109139
200109233
200109769
200110053
200110059
200200143
200200152
200200158
200200169
200200173
200200201
200200234
200200252
200200375
200200377
200200486
200200502
200200611
200200663
200200715
200200719
200200720
200200723
200200852
200200939
200201028
200201029
200201084
200201087
200201201
200201329
200201335
200201339
200201406
200201524
200201895
200201906
200201919
200201926
200201927
200202092
200202093
200202362
200202373
200202476
200202573
200202617
200202753
200202755
200202781
200202782
200202982
200202994
200203031
200203496
200203727
200204308
200204322
200204348
200204369
200209794
200210513
200300089
200300092
200300095
200300100
200300102
200300103
200300104
200300144
200300154
200300155
200300192
200300198
200300260
200300269
200300283
200300284
200300286
200300312
200300313
200300406
200300408
200300409
200300423
200300424
200300431
200300434
200300458
200300459
200300461
200300462
200300463
200300470
200300520
200300521
200300523
200300598
200300603
200300626
200300638
200300642
200300645
200300657
200300660
200300661
200300694
200300708
200300784
200300792
200300796
200300800
200300801
200300802
200300804
200300805
200300806
200300840
200300843
200300854
200300855
200300864
200300878
200300905
200300913
200300916
200300917
200300918
200300984
200300985
200300987
200301018
200301019
200301021
200301031
200301032
200301033
200301128
200301131
200301172
200301181
200301252
200301323
200301345
200301348
200301486
200301507
200301609
200301610
200301612
200301618
200301620
200301624
200301625
200301667
200301683
200301739
200301759
200301795
200301831
200301937
200301953
200301956
200301990
200301991
200302009
200302015
200302039
200302049
200302050
200302051
200302052
200302053
200302054
200302073
200302121
200302122
200302141
200302187
200302205
200302214
200302215
200302254
200302452
200302456
200302457
200302476
200302482
200302484
200302485
200302486
200302623
200302627
200302642
200303280
200303281
200303328
200307647
200307781
200307798
200307799
200307847
200307848
200307866
200307867
200308353
200308354
200308550
200308552
200308578
200308603
200308647
200308774
200308825
200308841
200308855
200308867
200400062
200400100
200400102
200400104
200400105
200400111
200400112
200400113
200400114
200400118
200400120
200400121
200400122
200400123
200400165
200400166
200400173
200400175
200400177
200400179
200400215
200400323
200400325
200400387
200400388
200400392
200400395
200400397
200400463
200400465
200400478
200400482
200400514
200400519
200400520
200400528
200400530
200400538
200400550
200400561
200400565
200400570
200400580
200400581
200400587
200400644
200400685
200400686
200400687
200400691
200400695
200400700
200400718
200400724
200400727
200400728
200400729
200400798
200400799
200400801
200400802
200400803
200400804
200400813
200400816
200400817
200400825
200400828
200400830
200400841
200400872
200400894
200400904
200400910
200400922
200400930
200400993
200401005
200401009
200401062
200401108
200401172
200401202
200401210
200401211
200401219
200401221
200401222
200401235
200401242
200401244
200401247
200401254
200401323
200401324
200401325
200401326
200401327
200401328
200401329
200401330
200401332
200401353
200401359
200401367
200401369
200401370
200401371
200401373
200401383
200401385
200401397
200401399
200401401
200401405
200401407
200401409
200401411
200401432
200401547
200401548
200401578
200401582
200401586
200401589
200401651
200401652
200401666
200401683
200401684
200401686
200401687
200401693
200401718
200401747
200401750
200401751
200401755
200401756
200401762
200401769
200401848
200401849
200401850
200401852
200401857
200401862
200401874
200401875
200401876
200401878
200401881
200401882
200402344
200402368
200402374
200402391
200402393
200402396
200402399
200402407
200402408
200402420
200402435
200402439
200402455
200402458
200402464
200402465
200402466
200402468
200402485
200402487
200402490
200402508
200402510
200402522
200402557
200402604
200402617
200402623
200402674
200402677
200402681
200402690
200402816
200402819
200402823
200402824
200402825
200402830
200402834
200402835
200402839
200402840
200402841
200402842
200402845
200402847
200402848
200402852
200402853
200402879
200402902
200402903
200402912
200402913
200402915
200402927
200402928
200402929
200402931
200402939
200402943
200402944
200402945
200402946
200402947
200402949
200402952
200402968
200402973
200402979
200402981
200402982
200402983
200402992
200403040
200403041
200403042
200403049
200403052
200403053
200403054
200403056
200403060
200403062
200403075
200403081
200403082
200403084
200403085
200403086
200403089
200403090
200403104
200403111
200403121
200403125
200403126
200403137
200403138
200403160
200403167
200403183
200403184
200403185
200403186
200403226
200403289
200403290
200403291
200403292
200403296
200403304
200403305
200403309
200403312
200403317
200403319
200403321
200403323
200403325
200403327
200403329
200403333
200403335
200403336
200403405
200403411
200403413
200403414
200403415
200403419
200403425
200403426
200403427
200403433
200403434
200403448
200403459
200403460
200403461
200403462
200403463
200403464
200403465
200403783
200403794
200403814
200403816
200403819
200403822
200403982
200404000
200404007
200404009
200404029
200404034
200404038
200404039
200404040
200404042
200404043
200404044
200404046
200404048
200404050
200404051
200404055
200404059
200404060
200404168
200404421
200404437
200404438
200404644
200404646
200404647
200404653
200404654
200404656
200404657
200404669
200404670
200404671
200404677
200404678
200404684
200404690
200404692
200404693
200404695
200404698
200404699
200404700
200404701
200404702
200404707
200404709
200404711
200404712
200404719
200404721
200404722
200404724
200404726
200404740
200404741
200404747
200404754
200404762
200404763
200404771
200404772
200404779
200409929
200409930
200409932
200409933
200410082
200410083
200410085
200410086
200410087
200410088
200410089
200410090
200410337
200410865
200410892
200410894
200410896
200410897
200410901
200410902
200410905
200410909
200410941
200410942
200410943
200410951
200410977
200410999
200411002
200411033
200411042
200411043
200411062
200411064
200411065
200411066
200411067
200411068
200411087
200411095
200411207
200411208
200500111
200500125
200500128
200500130
200500132
200500133
200500134
200500135
200500140
200500144
200500145
200500146
200500150
200500161
200500162
200500246
200500248
200500249
200500251
200500252
200500253
200500254
200500255
200500257
200500258
200500287
200500288
200500302
200500424
200500426
200500430
200500474
200500476
200500482
200500483
200500545
200500552
200500553
200500554
200500581
200500583
200500585
200500589
200500592
200500605
200500622
200500649
200500686
200500694
200500695
200500699
200500704
200500797
200500800
200500805
200500806
200500809
200500815
200500835
200500853
200500854
200500864
200500870
200500871
200500882
200500892
200500961
200500962
200500963
200500965
200500969
200501012
200501107
200501119
200501120
200501141
200501145
200501155
200501163
200501237
200501239
200501241
200501243
200501265
200501267
200501277
200501288
200501291
200501293
200501301
200501307
200501384
200501427
200501429
200501458
200501472
200501511
200501522
200501593
200501601
200501605
200501618
200501667
200501979
200501997
200501999
200502010
200502012
200502014
200502017
200502029
200502030
200502035
200502039
200502050
200502052
200502054
200502086
200502087
200502089
200502090
200502105
200502107
200502109
200502175
200502192
200502218
200502219
200502306
200502416
200502470
200502472
200502473
200502474
200502490
200502557
200502588
200502598
200502600
200502601
200502633
200502711
200502717
200502742
200502744
200502757
200502762
200502770
200502808
200502809
200502810
200502834
200502838
200502901
200502953
200503063
200503065
200503066
200503075
200503128
200503200
200503234
200503238
200503246
200503619
200503637
200503642
200503652
200503653
200503664
200503775
200503783
200503786
200503787
200503788
200503798
200503799
200503803
200503806
200503807
200505665
200511055
200511056
200511057
200511058
200511059
200511060
200511064
200511065
200511066
200511067
200511068
200511106
200511107
200511108
200511262
200511263
200511264
200511266
200511904
200512186
200512201
200512238
200512240
200512244
200600026
200600027
200600028
200600036
200600049
200600054
200600081
200600114
200600116
200600127
200600128
200600134
200600138
200600156
200600159
200600160
200600178
200600181
200600221
200600222
200600225
200600248
200600249
200600267
200600287
200600325
200600352
200600367
200600456
200600460
200600522
200600527
200600543
200600562
200600665
200600674
200600688
200600696
200600697
200600698
200600811
200600818
200600819
200600821
200603815
200603871
200603872
200604151
200604193
200604212
200604227
200604239
200604243
200604258
200604293
200604308
200604312
200604332
200604334
200604358
200604408
200605253
200605344
200605364
200605381
200605398
200605403
200605410
200605427
200605439
200605445
200605447
200605448
200605450
200605468
200605481
200605499
200605537
200606180
200606181
200606182
200606183
200606294
200606297
200606303
200606308
200606318
200606326
200606351
200606537
200606825
200606830
200606835
200606965
200606986
200607004
200607445
200607486
200607677
200607709
200607743
200607747
200607750
200607776
200607777
200607778
200607784
200607785
200607847
200607874
200607876
200607890
200607907
200607908
200608189
200608192
200608219
200608232
200608240
200608275
200608278
200608280
200608291
200608295
200608296
200610660
200610661
200610785
200610879
200610960
200610978
200610980
200610986
200611006
200611007
200611010
200611019
200611031
200611039
200611041
200611042
200611053
200611114
200611303
200611304
200611332
200611338
200611385
200611392
200612115
200612573
200612728
200612743
200700055
200700234
200700435
200700437
200700455
200700540
200700562
200700790
200700814
200700835
200700836
200700844
200700876
200700890
200701020
200701024
200701042
200701201
200701231
200701233
200701235
200701236
200701246
200701251
200701335
200701403
200701405
200701406
200701412
200701642
200701809
200701876
200701917
200701932
200701934
200702089
200702091
200702101
200702108
200702135
200702153
200702164
200702166
200702172
200702173
200702191
200702195
200702200
200702250
200702255
200702260
200702309
200702313
200702358
200702389
200702420
200702508
200702521
200702532
200702536
200702538
200702549
200702572
200702577
200702584
200702691
200702709
200702739
200702749
200702963
200702966
200702967
200702969
200702970
200703052
200703075
200703120
200703121
200703129
200703132
200703142
200703160
200703161
200703163
200703169
200703171
200703172
200703173
200703185
200703201
200703229
200703233
200703236
200703261
200703278
200703394
200703429
200703452
200703458
200703459
200703462
200703463
200703464
200703663
200703675
200703700
200703701
200703715
200703733
200703737
200703797
200703801
200703835
200703842
200703852
200703873
200703876
200703877
200703964
200704019
200704285
200704316
200704320
200704322
200704420
200704501
200704534
200704541
200704587
200704612
200704614
200704765
200704813
200704961
200704969
200705001
200705314
200705392
200705402
200705500
200705587
200705588
200705595
200705596
200705817
200706007
200706008
200706029
200706030
200706059
200706185
200706243
200706330
200706331
200706332
200706333
200706341
200706400
200706467
200706537
200706542
200706569
200706597
200706766
200706788
200706796
200706908
200706941
200706984
200707142
200707175
200707251
200707373
200707382
200707383
200707385
200707388
200707390
200707521
200707723
200707792
200707920
200707944
200707947
200707958
200708055
200708144
200708364
200708367
200708368
200708372
200708376
200708427
200708447
200708455
200708456
200708458
200708534
200708585
200708589
200708592
200708595
200708596
200708597
200708599
200708600
200708601
200708754
200708786
200708816
200708819
200708961
200709004
200709010
200709163
200709201
200709202
200709249
200709331
200709389
200709390
200709448
200709527
200709544
200709638
200709640
200709641
200709794
200709818
200709901
200709902
200709913
200709915
200710087
200710374
200710524
200710628
200710758
200710759
200710760
200710808
200710855
200710856
200710957
200710998
200711148
200711216
200711286
200711309
200711422
200711426
200711456
200711527
200711589
200711634
200711885
200711886
200711927
200711934
200711953
200712070
200712241
200712325
200712401
200712587
200712588
200712647
200712648
200712742
200712789
200712868
200712885
200713004
200713008
200713009
200713032
200713079
200713170
200713296
200713517
200713591
200713685
200713688
200713885
200713886
200713906
200713912
200800284
200800291
200800316
200800320
200800330
200800331
200800339
200800347
200800405
200800411
200800569
200800614
200801141
200801284
200801332
200801333
200801350
200801352
200801383
200801460
200801517
200801564
200801686
200801763
200801812
200801814
200801822
200801836
200802022
200802064
200802066
200802182
200802325
200802327
200802392
200802547
200802557
200802558
200802788
200802853
200802965
200803000
200803148
200803200
200803246
200803290
200803292
200803294
200803417
200803428
200803434
200803641
200803693
200803701
200803737
200803803
200803972
200804092
200804225
200804412
200804519
200804556
200804557
200804560
200804563
200804586
200804611
200804633
200804796
200804798
200804802
200804810
200804912
200804947
200804956
200805037
200805064
200805085
200805090
200805113
200805124
200805152
200805214
200805215
200805262
200805275
200805290
200805301
200805341
200805353
200805387
200805408
200805418
200805421
200805455
200805495
200805550
200805595
200805598
200805599
200805632
200805676
200805680
200805734
200805735
200805737
200805739
200805740
200805748
200805749
200805752
200805810
200805812
200805818
200805819
200805821
200805842
200805849
200805895
200805901
200805915
200805918
200805919
200805944
200805986
200805990
200805991
200806022
200806024
200806190
200806191
200806192
200806194
200806299
200806361
200806365
200806368
200806373
200806455
200806634
200806668
200806736
200806769
200806842
200806896
200806977
200807044
200807051
200807066
200807067
200807068
200807203
200807204
200807205
200807208
200807210
200807211
200807223
200807229
200807230
200807253
200807310
200807361
200807363
200807365
200807367
200807374
200807377
200807391
200807418
200807430
200807431
200807469
200807526
200807527
200807528
200807539
200807552
200807582
200807617
200807618
200807633
200807683
200807684
200807685
200807813
200807814
200807945
200807949
200807985
200807986
200807989
200808076
200808078
200808091
200808126
200808127
200808195
200808219
200808244
200808245
200808272
200808273
200808309
200808362
200808377
200808511
200808562
200808715
200808774
200808790
200808828
200808862
200808985
200809045
200809058
200809076
200809079
200809084
200809185
200809207
200809208
200809240
200809258
200809388
200809402
200809403
200809464
200809649
200809791
200809813
200809818
200809819
200809825
200809902
200809909
200809910
200810003
200810004
200810005
200810006
200810031
200810113
200810114
200810125
200810237
200810314
200810320
200810340
200810424
200810425
200810427
200810440
200810513
200810517
200810584
200810700
200810702
200810703
200810727
200810760
200810870
200810940
200810973
200810981
200811250
200811251
200811253
200811262
200811364
200811406
200811564
200811608
200811623
200811629
200811701
200811736
200811814
200811885
200900194
200900196
200900341
200900606
200900668
200900671
200900674
200900767
200900878
200900889
200900892
200900895
200900897
200900899
200900967
200900997
200901007
200901073
200901207
200901232
200901456
200901507
200901536
200901544
200901619
200901817
200902042
200902080
200902207
200902213
200902281
200902301
200902443
200902507
200902537
200903041
200903043
200903115
200903125
200903409
200903782
200903801
200903974
200904162
200904163
200904234
200904308
200904325
200904514
200904538
200904548
200904649
200904678
200904689
200904855
200904880
200904881
200904990
200905004
200905017
200905053
200905055
200905151
200905163
200905196
200905218
200905315
200905403
200905653
200905876
200905938
200905939
200906073
200906330
200906384
200906557
200906562
200906578
200906599
200906602
200906966
200907093
200907385
200907446
200907725
200908116
200908185
200908186
200908333
200908369
200908478
200908479
200908781
200908817
200908819
200908825
200908953
200909377
201000300
201000406
201000637
201000674
201000826
201000869
201000874
201000875
201000877
201000878
201000951
201000963
201000967
201000972
201000974
201000975
201000977
201000980
201000981
201000982
201000985
201000989
201000993
201000994
201000998
201000999
201001001
201001003
201001004
201001005
201001006
201001007
201001008
201001013
201001017
201001018
201001021
201001022
201001023
201001024
201001057
201001424
201001547
201001640
201001656
201001682
201001683
201001685
201001699
201001707
201001723
201001731
201001744
201002151
201002277
201002395
201002396
201002402
201002449
201002450
201002503
201003043
201003049
201003203
201003206
201003207
201003213
201003370
201003397
201003398
201003713
201004170
201004204
201004230
201004257
201004440
201004538
201004680
201004693
201004700
201004997
201005059
201005070
201005121
201005235
201005236
201005685
201005699
201005763
201005770
201005771
201005774
201005775
201005841
201006075
201006077
201006120
201006205
201006206
201006211
201006442
201006443
201006495
201006592
201006784
201006870
201006871
201007233
201007234
201007276
201007277
201007281
201007401
201007460
201007499
201007523
201007529
201007569
201007652
201007672
201007708
201007750
201007774
201007782
201007783
201100026
201100231
201100273
201100299
201100375
201100467
201100491
201100500
201100502
201100572
201100792
201100793
201100794
201100795
201100797
201100798
201100799
201100800
201100801
201100802
201100821
201100826
201100827
201100828
201100866
201100867
201100869
201100888
201100889
201100894
201100898
201100900
201100901
201100902
201100904
201100905
201100906
201100908
201100911
201100913
201100945
201100946
201101004
201101014
201101022
201101038
201101640
201101643
201101644
201101756
201101761
201101840
201101843
201101844
201101845
201101846
201101847
201101857
201101860
201101861
201101884
201101885
201102450
201102476
201102477
201102757
201102767
201102768
201102769
201102784
201103159
201103161
201103324
201103422
201103424
201103425
201103468
201103469
201103472
201103475
201103563
201103609
201103615
201103617
201103909
201103986
201104026
201104041
201104062
201104063
201104066
201104111
201104471
201104754
201104755
201104801
201105016
201105106
201105143
201105144
201105270
201105412
201105413
201105484
201105487
201105488
201105600
201105697
201105756
201105914
201105915
201105918
201106145
201106366
201106390
201106781
201106782
201106947
201106949
201106952
201106953
201107002
201107176
201107199
201107201
201107219
201107220
201107224
201107229
201107233
201107234
201107272
201107273
201107290
201107503
201107505
201107507
201107509
201107512
201107513
201107515
201107516
201107525
201107526
201107530
201107536
201107539
201107542
201107543
201108989
201108990
201109024
201109030
201109142
201109150
201109151
201109154
201109155
201109222
201109223
201109224
201109225
201109227
201109228
201109231
201109232
201109259
201109260
201109276
201109277
201109291
201109296
201109309
201109310
201109313
201109442
201109514
201109733
201109818
201110023
201110095
201110136
201110192
201110292
201110398
201110512
201110516
201110646
201111149
201112194
201112195
201200003
201200004
201200009
201200186
201200204
201200246
201200277
201200586
201200603
201200635
201200636
201200678
201200717
201200854
201200930
201200975
201201166
201201261
201201265
201201601
201201602
201201680
201201690
201201693
201201694
201201837
201202398
201202780
201202801
201202902
201203127
201203128
201203513
201203514
201203607
201203608
201203744
201203745
201203928
201204330
201204389
201204555
201204813
201204970
201204971
201204975
201205043
201205150
201205250
201205252
201205253
201205255
201205261
201205262
201205263
201205266
201205414
201205415
201205623
201205628
201205653
201205654
201205825
201205826
201205827
201205828
201205829
201205833
201205930
201205939
201205942
201206020
201206056
201206160
201206161
201206162
201206163
201206166
201206176
201206201
201206205
201206250
201206297
201206327
201206328
201206338
201206403
201206410
201206435
201206489
201206493
201206494
201206499
201206540
201206552
201206553
201206575
201206612
201206613
201206667
201206685
201206704
201206741
201206751
201206760
201206761
201206776
201206804
201206805
201206831
201206844
201206846
201206856
201206857
201206858
201206870
201206871
201206872
201206877
201206904
201206905
201206916
201206934
201206935
201206936
201206953
201206954
201207002
201207003
201207004
201207009
201207014
201207015
201207061
201207067
201207105
201207217
201207236
201207292
201207294
201207300
201207301
201207402
201207403
201207404
201207405
201207417
201207453
201207459
201207461
201207469
201207486
201207488
201207513
201207516
201207517
201207537
201207538
201207539
201207540
201207541
201207575
201207577
201207586
201207589
201207592
201207593
201207595
201207596
201207597
201207688
201207721
201207722
201208078
201208080
201208081
201208110
201208193
201208256
201208462
201208467
201208480
201208482
201208483
201208484
201208518
201208629
201208630
201208632
201208643
201208653
201208654
201208655
201208723
201208740
201208753
201208754
201208855
201208875
201209444
201209757
201210163
201210185
201210187
201210235
201210240
201210744
201211055
201211103
201211564
201300114
201300128
201300139
201300148
201300152
201301236
201301369
201301377
201301498
201301586
201301591
201301621
201301656
201302165
201302169
201302260
201302390
201302618
201302619
201302802
201302936
201302948
201302980
201302982
201302990
201303029
201303030
201303035
201303045
201303269
201304289
201304386
201305008
201305030
201305371
201305403
201305533
201305813
201305827
201305832
201306036
201306176
201306203
201306230
201306262
201306264
201306277
201306289
201306315
201306327
201306328
201306329
201306340
201306344
201306352
201306362
201306363
201306366
201306367
201306368
201306369
201306370
201306376
201306377
201306379
201306383
201306385
201306386
201306404
201306407
201306412
201306419
201306425
201306452
201306453
201306454
201306455
201306549
201306824
201306917
201306922
201306942
201306954
201306969
201306990
201307038
201307042
201307062
201307079
201307092
201307108
201307118
201307120
201307121
201307123
201307124
201307131
201307132
201307149
201307158
201307209
201307243
201307261
201307290
201307342
201307357
201307377
201307379
201307416
201307449
201307476
201307484
201307514
201307515
201307539
201307558
201307559
201307562
201307567
201307570
201307607
201307655
201307682
201307687
201307725
201307726
201307767
201307807
201307881
201307882
201307888
201307896
201307904
201307925
201307926
201307927
201307936
201307937
201307947
201307988
201308005
201308053
201308062
201308067
201308099
201308195
201308197
201308209
201308223
201308236
201308242
201308278
201308287
201308288
201308289
201308295
201308303
201308368
201308371
201308398
201308399
201308416
201308434
201308448
201308450
201308451
201308457
201308458
201308459
201308460
201308461
201308462
201308463
201308464
201308466
201308467
201308468
201308469
201308470
201308476
201308478
201308479
201308480
201308481
201308483
201308485
201308488
201308489
201308490
201308494
201308495
201308496
201308500
201308502
201308504
201308506
201308509
201308524
201308525
201308526
201308537
201308538
201308539
201308540
201308541
201308550
201308552
201308553
201308564
201308566
201308567
201308573
201308574
201308589
201308613
201308626
201308651
201308652
201308671
201308712
201308718
201308824
201308859
201308895
201308906
201308923
201308924
201308926
201308928
201308943
201308977
201309019
201309044
201309067
201309068
201309070
201309071
201309088
201309092
201309126
201309133
201309139
201309145
201309146
201309164
201309176
201309180
201309184
201309266
201309269
201309336
201309360
201309384
201309416
201309417
201309418
201309425
201309444
201309449
201309460
201309480
201309481
201309484
201309488
201309494
201309539
201309566
201309576
201309599
201309682
201309684
201309738
201309741
201309743
201309744
201309809
201309814
201309848
201309850
201309883
201309888
201309895
201309896
201309897
201309926
201309959
201309963
201309964
201309973
201309994
201310000
201310013
201310206
201310293
201310300
201310318
201310334
201310348
201310352
201310361
201310362
201310380
201310381
201310382
201310387
201310393
201310399
201310402
201310409
201310587
201310588
201310589
201310590
201310619
201310620
201310720
201310742
201310756
201310764
201310777
201310780
201310781
201310782
201310783
201310785
201310797
201310798
201310820
201310826
201310830
201310841
201310842
201310869
201310895
201310896
201310897
201310931
201310935
201310964
201310977
201310978
201310991
201400024
201400053
201400099
201400118
201400120
201400193
201400200
201400262
201400286
201400288
201400289
201400290
201400293
201400337
201400352
201400366
201400367
201400372
201400381
201400382
201400385
201400386
201400387
201400392
201400393
201400409
201400410
201400422
201400426
201400429
201400433
201400434
201400435
201400438
201400451
201400452
201400493
201400497
201400537
201400538
201400681
201400706
201400757
201400771
201400785
201400804
201400828
201400834
201400842
201400873
201400918
201400931
201400932
201400933
201400980
201401034
201401057
201401098
201401129
201401226
201401227
201401235
201401334
201401343
201401344
201401372
201401376
201401417
201401456
201401475
201401487
201401489
201401490
201401518
201401569
201401591
201401625
201401626
201401730
201401871
201401904
201401921
201401923
201401937
201401965
201401966
201401984
201401985
201401986
201401996
201402039
201402056
201402065
201402070
201402071
201402074
201402137
201402148
201402159
201402185
201402206
201402245
201402272
201402276
201402309
201402414
201402416
201402427
201402435
201402436
201402450
201402463
201402464
201402560
201402579
201402641
201402642
201402652
201402682
201402707
201402711
201402714
201402733
201402734
201402804
201402806
201402822
201402828
201402829
201402850
201402856
201402864
201402865
201402866
201402868
201402869
201402875
201402880
201402890
201402909
201402912
201402913
201402936
201402997
201403012
201403023
201403026
201403029
201403031
201403051
201403070
201403088
201403118
201403126
201403127
201403146
201403148
201403152
201403184
201403185
201403217
201403243
201403253
201403298
201403332
201403337
201403380
201403382
201403388
201403389
201403391
201403398
201403407
201403408
201403417
201403429
201403455
201403456
201403457
201403497
201403501
201403518
201403519
201403533
201403537
201403543
201403550
201403559
201403560
201403567
201403570
201403571
201403572
201403597
201403598
201403617
201403627
201403650
201403692
201403693
201403694
201403697
201403698
201403726
201403732
201403734
201403739
201403797
201403816
201403819
201403820
201403826
201403833
201403870
201403877
201403880
201403884
201403886
201403889
201403891
201403892
201403894
201403919
201403930
201403939
201403943
201403944
201403945
201403947
201403952
201403955
201403957
201403967
201403975
201403983
201404005
201404006
201404008
201404009
201404010
201404013
201404014
201404015
201404016
201404026
201404035
201404036
201404038
201404042
201404043
201404088
201404093
201404114
201404115
201404116
201404136
201404162
201404163
201404168
201404170
201404198
201404200
201404206
201404215
201404239
201404271
201404287
201404293
201404299
201404316
201404327
201404340
201404342
201404343
201404377
201404400
201404403
201404406
201404415
201404417
201404424
201404425
201404426
201404441
201404454
201404456
201404458
201404483
201404486
201404487
201404488
201404497
201404513
201404527
201404528
201404537
201404538
201404539
201404541
201404566
201404569
201404590
201404591
201404592
201404593
201404595
201404596
201404597
201404633
201404634
201404644
201404654
201404664
201404677
201404678
201404689
201404690
201404696
201404714
201404715
201404716
201404731
201404732
201404733
201404741
201404786
201404800
201404801
201404824
201404836
201404857
201404863
201404889
201404928
201404929
201404930
201404976
201404981
201404983
201404986
201404993
201404994
201404995
201405000
201405003
201405010
201405014
201405026
201405027
201405033
201405042
201405043
201405044
201405045
201405046
201405050
201405051
201405052
201405063
201405073
201405078
201405079
201405080
201405094
201405096
201405100
201405103
201405104
201405107
201405111
201405112
201405113
201405114
201405130
201405131
201405132
201405175
201405177
201405232
201405233
201405262
201405282
201405290
201405347
201405387
201405424
201405425
201405434
201405436
201405439
201405449
201405450
201405454
201405464
201405467
201405468
201405469
201405482
201405502
201405503
201405504
201405519
201405520
201405531
201405585
201405586
201405598
201405610
201405615
201405693
201405708
201405813
201405839
201405840
201405841
201405844
201405857
201405865
201405882
201405921
201405930
201405956
201405971
201405995
201406030
201406032
201406033
201406046
201406102
201406125
201406126
201406140
201406156
201406161
201406170
201406171
201406179
201406315
201500025
201500081
201500082
201500083
201500099
201500101
201500107
201500114
201500127
201500145
201500149
201500168
201500169
201500171
201500179
201500233
201500293
201500313
201500364
201500365
201500366
201500367
201500372
201500387
201500401
201500429
201500450
201500458
201500483
201500509
201500516
201500517
201500521
201500522
201500530
201500554
201500645
201500650
201500694
201500722
201500725
201500728
201500731
201500852
201500856
201500902
201500903
201500929
201500948
201500959
201500963
201500964
201500965
201500966
201500967
201500969
201500972
201500982
201501074
201501083
201501128
201501207
201501216
201501270
201501274
201501307
201501322
201501325
201501350
201501441
201501446
201501476
201501488
201501494
201501500
201501501
201501503
201501539
201501540
201501548
201501550
201501555
201501556
201501557
201501569
201501592
201501595
201501605
201501608
201501609
201501610
201501611
201501612
201501622
201501624
201501644
201501647
201501657
201501658
201501663
201501675
201501676
201501677
201501680
201501687
201501689
201501690
201501693
201501698
201501702
201501703
201501714
201501723
201501724
201501725
201501730
201501733
201501741
201501744
201501778
201501783
201501790
201501791
201501811
201501814
201501853
201501854
201501865
201501874
201501885
201501891
201501925
201501928
201501929
201501931
201501944
201501965
201501978
201501979
201501980
201502217
201502267
201502291
201502292
201502307
201502310
201502330
201502345
201502363
201502371
201502379
201502394
201502397
201502417
201502419
201502420
201502421
201502450
201502453
201502454
201502471
201502552
201502560
201502562
201502564
201502570
201502606
201502607
201502608
201502609
201502631
201502638
201502639
201502640
201502644
201502645
201502654
201502656
201502658
201502659
201502670
201502671
201502677
201502678
201502689
201502690
201502703
201502704
201502705
201502708
201502709
201502710
201502712
201502714
201502717
201502718
201502727
201502742
201502761
201502766
201502770
201502773
201502774
201502775
201502785
201502786
201502790
201502793
201502813
201502862
201502874
201502890
201502917
201502924
201502926
201502952
201502969
201502979
201502986
201502987
201502994
201503006
201503025
201503026
201503027
201503029
201503051
201503142
201503144
201503191
201503193
201503212
201503218
201503219
201503234
201503249
201503251
201503253
201503288
201503289
201503290
201503293
201503295
201503302
201503335
201503336
201503468
201503475
201503482
201503488
201503490
201503506
201503516
201503520
201503532
201503554
201503575
201503600
201503641
201503645
201503647
201503683
201503771
201503772
201503783
201503839
201503865
201503876
201503920
201503921
201503948
201504046
201504047
201504070
201504073
201504084
201504106
201504115
201504119
201504124
201504135
201504137
201504179
201504199
201504202
201504203
201504205
201504225
201504231
201504249
201504255
201504259
201504303
201504313
201504314
201504315
201504317
201504318
201504319
201504320
201504321
201504326
201504332
201504333
201504334
201504493
201504494
201504495
201504519
201504729
201504732
201504763
201504788
201504988
201505072
201505074
201505091
201505114
201505137
201505162
201505163
201505164
201505167
201505168
201505169
201505192
201505198
201505199
201505259
201505342
201505350
201505365
201505441
201505522
201505607
201505621
201505725
201505737
201505796
201505797
201505830
201505842
201505843
201505901
201505903
201505904
201505920
201505921
201505935
201506120
201506121
201506122
201506136
201506143
201506288
201506398
201506402
201506405
201506481
201506489
201506507
201506569
201506583
201506589
201506623
201506624
201506639
201506649
201506677
201506684
201506685
201506686
201506729
201506734
201506748
201506766
201506769
201506783
201506785
201506786
201506795
201506797
201506799
201506815
201506816
201506835
201506843
201506848
201506851
201506856
201506857
201506873
201506874
201506894
201507014
201507045
201507071
201507072
201507074
201507075
201507134
201507139
201507146
201507195
201507196
201507261
201507270
201507272
201507273
201507288
201507291
201507380
201507381
201507390
201507399
201507405
201507411
201507412
201507413
201507418
201507420
201507424
201507426
201507452
201507455
201507458
201507464
201507465
201507470
201507477
201507478
201507501
201507502
201507517
201507521
201507527
201507582
201507644
201507645
201507681
201507682
201507715
201507736
201507737
201507738
201507762
201507763
201507764
201507776
201507778
201507785
201507786
201507806
201507839
201507840
201507875
201507876
201507887
201507888
201507891
201507895
201507896
201507897
201507898
201507899
201507944
201507948
201507964
201507965
201507966
201507967
201507968
201507984
201507985
201507986
201507997
201507998
201507999
201508003
201508004
201508018
201508019
201508116
201508117
201508139
201508213
201508214
201508231
201508232
201508272
201508281
201508325
201508372
201508378
201508403
201508407
201508411
201508428
201508435
201508436
201508440
201508441
201508453
201508461
201508476
201508477
201508486
201508519
201508531
201508532
201508542
201600113
201600170
201600171
201600172
201600191
201600217
201600251
201600274
201600275
201600300
201600301
201600339
201600340
201600356
201600358
201600359
201600361
201600391
201600396
201600407
201600425
201600426
201600436
201600445
201600498
201600500
201600505
201600507
201600515
201600516
201600519
201600568
201600569
201600572
201600573
201600574
201600584
201600585
201600601
201600695
201600696
201600731
201600777
201600782
201600828
201600839
201600853
201600903
201600933
201600938
201600941
201600974
201600978
201600986
201601004
201601006
201601009
201601030
201601045
201601046
201601047
201601050
201601053
201601071
201601081
201601082
201601112
201601113
201601117
201601119
201601149
201601191
201601195
201601196
201601197
201601201
201601202
201601203
201601219
201601220
201601221
201601231
201601232
201601233
201601234
201601249
201601347
201601506
201601522
201601537
201601552
201601553
201601554
201601555
201601643
201601680
201601683
201601700
201601702
201601703
201601721
201601725
201601728
201601731
201601734
201601737
201601742
201601743
201601761
201601762
201601896
201602068
201602080
201602081
201602085
201602122
201602235
201602239
201602274
201602286
201602294
201602295
201602296
201602307
201602314
201602328
201602339
201602349
201602351
201602362
201602383
201602409
201602421
201602427
201602432
201602491
201602500
201602513
201602518
201602533
201602561
201602610
201602619
201602662
201602702
201602708
201602739
201602766
201602784
201602785
201602888
201602889
201602891
201602908
201602909
201602926
201602930
201602957
201602959
201602965
201602983
201602996
201603025
201603032
201603033
201603057
201603058
201603059
201603073
201603074
201603076
201603084
201603097
201603104
201603127
201603130
201603137
201603147
201603150
201603151
201603152
201603161
201603173
201603178
201603226
201603227
201603228
201603229
201603298
201603314
201603315
201603316
201603317
201603320
201603340
201603363
201603369
201603370
201603416
201603432
201603454
201603455
201603462
201603468
201603493
201603497
201603514
201603530
201603552
201603608
201603615
201603628
201603633
201603644
201603663
201603669
201603670
201603681
201603682
201603683
201603692
201603728
201603729
201603775
201603787
201603794
201603795
201603796
201603807
201603883
201603890
201603892
201603894
201603895
201603899
201603919
201603920
201603929
201603931
201603988
201603989
201603995
201604010
201604018
201604034
201604054
201604060
201604075
201604076
201604117
201604118
201604119
201604147
201604148
201604152
201604178
201604202
201604209
201604247
201604290
201604348
201604367
201604375
201604409
201604410
201604411
201604429
201604461
201604485
201604621
201604622
201604623
201604628
201604631
201604632
201604669
201604677
201604678
201604687
201604696
201604705
201604823
201604942
201605007
201605011
201605135
201605175
201605323
201605325
201605340
201605497
201605721
201605722
201605723
201605749
201605790
201605791
201605792
201605801
201605802
201605803
201605804
201605805
201605806
201605819
201605820
201605821
201605845
201605851
201605853
201605860
201605978
201606046
201606047
201606048
201606049
201606050
201606051
201606053
201606081
201606123
201606189
201606254
201606256
201606264
201606306
201606307
201606380
201606381
201606391
201606394
201606395
201606401
201606419
201606563
201606564
201606593
201606695
201606770
201606772
201606795
201606799
201606818
201606829
201606935
201607019
201607041
201607042
201607043
201607093
201607205
201607206
201607211
201607298
201607299
201700144
201700156
201700243
201700244
201700254
201700377
201700390
201700402
201700404
201700418
201700452
201700463
201700518
201700619
201700620
201700621
201700623
201700684
201700730
201700836
201700897
201700900
201700904
201700906
201700921
201701040
201701044
201701157
201701163
201701169
201701170
201701194
201701196
201701198
201701233
201701288
201701289
201701296
201701303
201701339
201701340
201701380
201701414
201701415
201701435
201701447
201701456
201701458
201701471
201701478
201701479
201701501
201701538
201701544
201701545
201701546
201701551
201701574
201701611
201701717
201701749
201701750
201701865
201701878
201701879
201701882
201701960
201702166
201702167
201702168
201702204
201702236
201702237
201702238
201702244
201702246
201702256
201702259
201702281
201702386
201702387
201702390
201702397
201702398
201702399
201702401
201702402
201702403
201702404
201702485
201702492
201702493
201702508
201702526
201702527
201702528
201702541
201702542
201702577
201702610
201702624
201702688
201702735
201702768
201702781
201702782
201702783
201702795
201703991
201703995
201704017
201704542
201704726
201704753
201704761
201704762
201704782
201704786
201704833
201704879
201705029
201705044
201705174
201705175
201705206
201705217
201705219
201705220
201705221
201705254
201705255
201705467
201705468
201705487
201705488
201705491
201705673
201705684
201705685
201705686
201705687
201705688
201705689
201705789
201705790
201705809
201705811
201706137
201706144
201706188
201706209
201706210
201706211
201706212
201706221
201706237
201706344
201706345
201706353
201706355
201706473
201706474
201706555
201706556
201706557
201706560
201706564
201706565
201706571
201706572
201706573
201706574
201706575
201706583
201706584
201706641
201706642
201706690
201706734
201706749
201706750
201706753
201706786
201706787
201706788
201706789
201706790
201706791
201706798
201706814
201706821
201706825
201706845
201706853
201706858
201706866
201706889
201706890
201706899
201706900
201706969
201707021
201707062
201707098
201707167
201707212
201707216
201707217
201707234
201707244
201707245
201707248
201707295
201707296
201707302
201707311
201707327
201707350
201707352
201707392
201707443
201707526
201707534
201707535
201707539
201707601
201707616
201707639
201707644
201707649
201707653
201707658
201707659
201707660
201707669
201707674
201707675
201707837
201707838
201707853
201707860
201707937
201707938
201707939
201707944
201708018
201708021
201708034
201708043
201708044
201708045
201708055
201708069
201708080
201708083
201708085
201708087
201708091
201708095
201708096
201708110
201708131
201708142
201708144
201708159
201708184
201708188
201708197
201708198
201708199
201708204
201708219
201708227
201708233
201708277
201708280
201708281
201708331
201708341
201708362
201708367
201708368
201708370
201708380
201708416
201708419
201708420
201708422
201708434
201708449
201708450
201708456
201708459
201708465
201708466
201708476
201708478
201708482
201708490
201708492
201708494
201708498
201708499
201708532
201708533
201708542
201708549
201708551
201708555
201708559
201708569
201708570
201708571
201708577
201708578
201708579
201708581
201708582
201708583
201708591
201708594
201708597
201708604
201708606
201708609
201708615
201708620
201708621
201708622
201708628
201708633
201708634
201708635
201708636
201708642
201800016
201800048
201800067
201800087
201800100
201800123
201800128
201800133
201800142
201800184
201800191
201800217
201800228
201800229
201800231
201800239
201800286
201800298
201800299
201800300
201800302
201800304
201800305
201800306
201800307
201800308
201800313
201800314
201800317
201800318
201800319
201800320
201800344
201800496
201800499
201800500
201800503
201800504
201800506
201800507
201800511
201800512
201800513
201800530
201800531
201800546
201800567
201800568
201800576
201800600
201800601
201800609
201800638
201800639
201800640
201800648
201800668
201800675
201800701
201800718
201800764
201800767
201800768
201800791
201800807
201800810
201800811
201800813
201800836
201800860
201800888
201800889
201800907
201800910
201800924
201800930
201800935
201800936
201800937
201800950
201800964
201800992
201801001
201801002
201801008
201801071
201801073
201801087
201801145
201801152
201801153
201801175
201801179
201801224
201801267
201801271
201801291
201801346
201801353
201801354
201801386
201801388
201801415
201801418
201801429
201801430
201801431
201801432
201801433
201801516
201801580
201801617
201801680
201801687
201801715
201801725
201801763
201801764
201801765
201801963
201802050
201802103
201802129
201802146
201802226
201802227
201802228
201802255
201802335
201802339
201802378
201802463
201802579
201802586
201802641
201802652
201802697
201802700
201802737
201802751
201802763
201802764
201802818
201802894
201802909
201803000
201803017
201803041
201803060
201803093
201803122
201803136
201803164
201803165
201803166
201803189
201803233
201803298
201803304
201803367
201803379
201803380
201803500
201803502
201803516
201803529
201803530
201803606
201803649
201803666
201803667
201803677
201803699
201803704
201803731
201803777
201803799
201803815
201803824
201803844
201803853
201803880
201803881
201803887
201803888
201803889
201803896
201803899
201804023
201804024
201804149
201804162
201804237
201804271
201804306
201804307
201804308
201804313
201804352
201804441
201804442
201804443
201804479
201804518
201804572
201804690
201804758
201804760
201804826
201804896
201804988
201805048
201805182
201805183
201805293
201805294
201805295
201805337
201805338
201805340
201805341
201805342
201805351
201900011
201900112
201900142
201900143
201900146
201900219
201900220
201900226
201900267
201900303
201900304
201900321
201900595
201900606
201900630
201900645
201900672
201900673
201900688
201900689
201900713
201900734
201900756
201900766
201900875
201900973
201901014
201901301
201901302
201901457
201901642
201901787
201901858
201901859
201901918
201901919
201902042
201902055
201902071
201902113
201902114
201902200
201902470
201902565
201902754
201902773
201902819
201903304
201903597
201903815
201904168
201904204
201904276
201904421
201904442
201904444
201904825
201905085
201905306
201905460
201905619
201905927
201906789
201906790
201906791
201906797
201906798
201906879
201906921
201906965
201906970
201906992
201907134
201907188
201907198
201907289
201907290
201907386
201907387
201907465
201907466
201907531
201907532
201907533
201907576
201907581
201907607
201907624
201907625
201907803
201908003
201908132
201908146
201908339
